5034
1301
2791
5070
2548
302
8266
3517
7934
4152
9414
6279
5387
6830
9630
3667
5758
7776
5843
8983
9389
3372
8238
8628
2609
8037
6505
9392
877
1846
9018
1521
7993
8672
7229
5445
9002
222
3005
9903
7391
8666
6767
3948
9690
632
6700
3987
1337
9600
2873
9162
4529
1705
6132
2165
8790
4561
9436
6986
8489
3881
4557
6864
927
6221
8727
1542
2393
433
7643
4144
933
6407
2562
7435
9073
3918
8057
4386
5463
8164
1900
3929
7705
6139
6286
9383
8762
7610
610
369
2071
9658
6346
5504
4417
4081
3865
7764
